current-wind-surface-level-gfs-1.0-china-sub.json
{"header": { "discipline":0, "disciplineName":"Meteorological products", "gribEdition":2, "gribLength":964188, "center":7, "centerName":"US National Weather Service - NCEP(WMC)", "subcenter":0, "refTime":"2022-03-11T00:00:00.000Z", "significanceOfRT":1, "significanceOfRTName":"Start of forecast", "productStatus":0, "productStatusName":"Operational products", "productType":1, "productTypeName":"Forecast products", "productDefinitionTemplate":0, "productDefinitionTemplateName":"Analysis/forecast at horizontal level/layer at a point in time", "parameterCategory":2, "parameterCategoryName":"Momentum", "parameterNumber":2, "parameterNumberName":"U-component_of_wind", "parameterUnit":"m.s-1", "genProcessType":2, "genProcessTypeName":"Forecast", "forecastTime":60, "surface1Type":103, "surface1TypeName":"Specified height level above ground", "surface1Value":10.0, "surface2Type":255, "surface2TypeName":"Missing", "surface2Value":0.0, "gridDefinitionTemplate":0, "gridDefinitionTemplateName":"Latitude_Longitude", "numberPoints":67721, "shape":6, "shapeName":"Earth spherical with radius of 6,371,229.0 m", "gridUnits":"degrees", "resolution":48, "winds":"true", "scanMode":0, "nx":281, "ny":241, "basicAngle":0, "lo1":70.0, "la1":0.0, "lo2":140.0, "la2":60.0, "dx":0.25, "dy":0.25 }, "data":
[rows 52 to 77 of 241, columns 0 to 57 of 281]
0.51881593,0.9888159,1.188816,1.2688159,1.3388159,1.4588159,1.4988159,1.5988159,2.008816,2.9088159,4.558816,5.958816,6.168816,5.938816,6.218816,6.058816,6.228816,5.578816,4.788816,4.488816,4.0688157,3.498816,2.098816,-2.761184,-5.261184,-6.111184,-6.361184,-6.371184,-5.9711843,-5.611184,-5.781184,-6.301184,-6.301184,-5.211184,-4.811184,-4.4711843,-4.941184,-6.051184,-6.441184,-5.491184,-5.001184,-4.441184,-3.901184,-3.751184,-3.8211842,-3.951184,-3.8211842,-3.741184,-3.8311841,-3.8611841,-3.451184,-3.451184,-3.421184,-3.471184,-3.5811841,-3.6011841,-3.6111841,-3.231184
0.5488159,0.94881594,1.1588159,1.2088159,1.3488159,1.538816,1.5988159,1.6588159,2.068816,2.858816,4.628816,5.858816,5.718816,5.7788157,5.878816,6.098816,6.358816,5.958816,4.948816,4.438816,2.728816,2.108816,-1.951184,-3.8211842,-4.361184,-5.151184,-5.4311843,-6.061184,-6.491184,-6.101184,-5.611184,-5.671184,-5.841184,-4.6811843,-5.051184,-4.831184,-5.101184,-5.271184,-5.241184,-5.171184,-4.6811843,-4.241184,-3.881184,-3.5411842,-3.7811842,-3.971184,-3.721184,-3.5711842,-3.5811841,-3.5411842,-3.621184,-3.461184,-3.231184,-3.3411841,-3.461184,-3.511184,-3.501184,-3.251184
0.5888159,0.6888159,0.7788159,0.7888159,1.0088159,1.418816,1.6288159,1.7588159,2.238816,3.098816,4.988816,5.658816,5.458816,5.938816,5.988816,6.288816,6.408816,5.8188157,4.5888157,4.648816,2.488816,-1.4211841,-3.691184,-3.241184,-4.9111843,-5.371184,-5.561184,-5.591184,-6.211184,-6.2011843,-5.241184,-4.461184,-5.481184,-5.331184,-5.461184,-4.141184,-4.301184,-4.121184,-3.2911842,-2.8611841,-3.8311841,-4.051184,-3.711184,-3.501184,-3.881184,-3.8311841,-3.6011841,-3.391184,-3.3611841,-3.191184,-3.631184,-3.5311842,-3.221184,-3.391184,-3.451184,-3.3311841,-3.271184,-3.271184
0.6088159,0.39881593,0.24881592,0.23881592,0.4888159,1.0288159,1.4788159,1.6188159,2.1488159,3.488816,5.488816,5.8388157,5.498816,6.0288157,6.128816,6.3388157,6.198816,5.428816,4.398816,3.078816,2.6688159,-4.131184,-4.211184,-4.511184,-4.921184,-5.091184,-6.511184,-6.921184,-6.191184,-6.4511843,-6.051184,-5.131184,-5.111184,-5.191184,-5.301184,-5.001184,-5.061184,-4.2211843,-4.151184,-4.691184,-4.211184,-3.941184,-3.5411842,-3.5611842,-3.901184,-3.521184,-3.421184,-3.3111842,-3.241184,-3.021184,-3.411184,-3.5411842,-3.141184,-3.5411842,-3.501184,-3.251184,-3.161184,-3.191184
0.46881592,0.37881592,0.21881592,0.05881592,0.12881592,0.45881593,0.9888159,1.2788159,2.008816,3.768816,5.938816,6.228816,5.958816,6.118816,6.288816,6.428816,5.808816,4.598816,2.778816,3.3988159,-3.451184,-4.821184,-4.311184,-5.4511843,-6.271184,-4.801184,-6.021184,-6.881184,-6.961184,-8.171185,-7.241184,-5.281184,-4.871184,-5.4311843,-4.361184,-4.871184,-5.521184,-4.9311843,-3.961184,-4.6611843,-4.301184,-3.951184,-3.451184,-3.451184,-3.8311841,-3.411184,-3.011184,-3.231184,-3.221184,-2.8611841,-3.1111841,-3.521184,-3.211184,-3.5311842,-3.451184,-3.181184,-3.161184,-3.131184
0.40881592,0.37881592,0.4788159,0.45881593,0.4188159,0.30881593,0.5488159,0.9388159,1.938816,3.978816,6.288816,6.508816,6.508816,6.478816,6.478816,6.358816,5.0688157,3.838816,2.508816,2.278816,-6.131184,-4.851184,-4.491184,-5.491184,-6.271184,-5.6611843,-6.381184,-6.671184,-6.771184,-8.181184,-7.9111843,-6.111184,-5.4111843,-5.4511843,-4.351184,-4.321184,-5.241184,-5.271184,-4.171184,-4.6811843,-4.231184,-3.7811842,-3.451184,-3.211184,-3.461184,-3.441184,-2.731184,-2.931184,-3.2911842,-2.8011842,-2.661184,-3.3611841,-3.2911842,-3.411184,-3.3611841,-3.0711842,-3.121184,-3.1111841
0.37881592,0.42881593,0.6688159,0.7488159,0.5988159,0.30881593,0.5988159,0.95881593,2.118816,4.268816,6.598816,6.918816,6.598816,6.478816,6.3188157,5.7788157,4.138816,3.478816,2.4188159,-1.181184,-4.291184,-5.281184,-5.071184,-5.641184,-5.9111843,-5.9111843,-6.591184,-7.191184,-6.761184,-6.841184,-8.181184,-7.891184,-6.651184,-6.841184,-5.361184,-4.711184,-5.571184,-5.571184,-4.961184,-4.601184,-3.951184,-3.3511841,-3.431184,-3.021184,-2.8611841,-3.251184,-2.661184,-2.5311842,-3.2911842,-3.0511842,-2.231184,-3.0611842,-3.211184,-3.251184,-3.3611841,-3.0511842,-2.991184,-2.891184
0.2588159,0.30881593,0.7888159,1.048816,0.88881594,0.50881594,0.7988159,1.3588159,2.6688159,4.5288157,6.308816,7.178816,6.7788157,6.368816,6.0288157,4.848816,3.4188159,2.878816,2.128816,-3.171184,-3.381184,-4.381184,-5.371184,-5.891184,-6.071184,-6.141184,-5.461184,-6.561184,-6.781184,-6.6611843,-7.001184,-6.811184,-6.771184,-6.571184,-4.891184,-4.9711843,-5.611184,-6.041184,-5.511184,-4.7011843,-3.7811842,-2.971184,-2.971184,-2.8111842,-2.6011841,-2.8111842,-2.451184,-2.241184,-2.991184,-3.3511841,-2.1011841,-2.721184,-3.0911841,-3.0511842,-3.2911842,-3.0411842,-2.891184,-2.5511842
0.03881592,0.19881591,0.7788159,1.1188159,1.2588159,1.068816,1.2288159,1.928816,3.528816,4.678816,5.408816,6.7788157,7.118816,6.758816,5.868816,4.078816,2.578816,2.338816,0.4788159,-4.091184,-5.501184,-4.601184,-4.331184,-4.541184,-5.091184,-5.4711843,-5.071184,-6.001184,-5.441184,-4.891184,-5.041184,-5.991184,-7.071184,-7.251184,-5.941184,-4.391184,-4.851184,-5.841184,-5.311184,-4.311184,-3.631184,-2.871184,-2.511184,-2.5711842,-2.481184,-2.3611841,-2.241184,-2.171184,-2.431184,-3.271184,-2.201184,-2.411184,-3.0611842,-3.001184,-2.951184,-2.891184,-2.8611841,-2.421184
0.2688159,0.6088159,1.1388159,1.2388159,1.3988159,1.6188159,1.8988159,2.788816,4.268816,4.368816,4.718816,5.938816,6.968816,7.218816,6.008816,3.538816,3.4288158,3.068816,0.16881591,-4.131184,-5.301184,-4.371184,-4.691184,-5.011184,-4.6611843,-4.141184,-5.4511843,-5.361184,-4.611184,-4.601184,-3.941184,-5.001184,-6.741184,-6.961184,-6.581184,-4.261184,-4.621184,-4.831184,-4.551184,-3.661184,-3.191184,-2.8111842,-2.461184,-2.371184,-2.151184,-2.141184,-2.011184,-2.0911841,-2.1011841,-2.931184,-2.191184,-2.161184,-3.161184,-2.911184,-2.5511842,-2.701184,-2.8511841,-2.371184
0.8088159,0.9788159,1.318816,1.3788159,1.3388159,1.7488159,2.1488159,3.4388158,4.688816,4.178816,4.5688157,5.018816,6.188816,6.868816,5.948816,3.828816,3.7188158,3.328816,-1.691184,-3.5511842,-3.641184,-3.731184,-5.131184,-5.881184,-6.091184,-5.731184,-5.691184,-4.541184,-4.091184,-4.261184,-3.011184,-2.5311842,-5.061184,-7.381184,-6.7011843,-4.241184,-4.261184,-4.751184,-4.041184,-2.991184,-3.1011841,-2.671184,-2.8211842,-2.231184,-1.7211841,-1.961184,-1.7511841,-1.8411841,-1.9211841,-2.661184,-1.9911841,-1.8611841,-3.0811841,-2.691184,-2.381184,-2.5311842,-2.621184,-2.181184
1.0288159,0.75881594,0.9088159,1.188816,1.2088159,1.3888159,1.9688159,3.548816,4.748816,4.768816,4.848816,4.828816,5.558816,5.938816,4.808816,3.6888158,2.9088159,2.1388159,-5.061184,-4.841184,-2.731184,-1.8811841,-4.991184,-5.2211843,-5.531184,-5.251184,-5.101184,-4.341184,-3.251184,-2.8511841,-3.271184,-2.131184,-1.3911841,-6.611184,-6.881184,-4.591184,-2.931184,-3.5511842,-3.8211842,-2.681184,-2.6011841,-2.5511842,-2.671184,-2.141184,-0.8711841,-1.691184,-1.3611841,-1.5311841,-2.001184,-2.491184,-1.9711841,-1.5911841,-2.701184,-2.5711842,-2.221184,-2.3511841,-2.411184,-1.951184
0.7988159,0.4788159,0.23881592,0.57881594,1.0288159,0.9888159,1.448816,3.228816,4.848816,5.148816,5.0288157,5.248816,5.748816,5.0488157,3.4188159,3.328816,3.068816,-1.1411841,-3.141184,-5.4711843,-4.371184,-2.471184,-5.531184,-4.401184,-4.801184,-5.081184,-4.401184,-4.041184,-3.391184,-2.161184,-0.6611841,-1.9911841,-2.391184,-4.641184,-5.101184,-4.271184,-2.491184,-2.481184,-3.941184,-3.131184,-3.141184,-2.461184,-1.8611841,-1.0011841,-1.561184,-1.1111841,-0.9411841,-1.201184,-1.8511841,-2.0711842,-2.0711842,-1.6011841,-2.181184,-2.451184,-2.191184,-2.231184,-2.191184,-1.8911841
0.3288159,0.27881593,-0.23118408,0.18881592,0.7888159,0.94881594,1.188816,2.838816,4.728816,4.908816,5.0488157,5.508816,5.678816,4.2788157,4.2788157,3.048816,1.9888159,-2.991184,-1.801184,-3.3011842,-5.941184,-3.631184,-5.001184,-5.131184,-4.601184,-4.651184,-3.181184,-2.711184,-3.161184,-2.221184,-1.1011841,-4.331184,-4.091184,-4.241184,-4.111184,-3.121184,-2.8211842,-3.2911842,-4.061184,-3.391184,-2.701184,-1.6611841,-1.301184,-1.6611841,-2.8611841,-1.9811841,-1.2511841,-1.1711841,-1.2911841,-1.451184,-1.8911841,-1.571184,-1.8411841,-2.2911842,-2.171184,-2.131184,-2.121184,-1.941184
-0.6211841,-0.18118408,-0.22118407,-0.29118407,0.08881592,0.76881593,1.318816,2.748816,4.728816,4.948816,4.888816,5.348816,5.108816,3.728816,4.848816,4.2788157,-0.8711841,-3.5511842,-3.131184,-1.331184,-4.9711843,-3.951184,-4.611184,-4.891184,-3.6011841,-3.441184,-1.8411841,-2.241184,-2.471184,-1.9711841,-3.471184,-5.231184,-4.881184,-4.861184,-4.151184,-2.8611841,-1.6111841,0.20881592,-2.771184,-3.8611841,-2.631184,-2.161184,-1.3811841,-2.8511841,-3.0811841,-1.9911841,-1.181184,-0.68118405,-0.28118408,-0.55118406,-1.451184,-1.5411841,-1.7411841,-2.0611842,-2.0411842,-2.1111841,-2.1011841,-1.9111841
-0.9711841,-1.0911841,-0.68118405,-0.5711841,-0.6311841,0.24881592,1.2688159,2.8888159,5.198816,5.448816,3.978816,4.8188157,4.538816,3.808816,4.0688157,3.368816,-2.8211842,-3.5811841,-3.911184,-2.671184,-3.5511842,-2.5311842,-4.631184,-4.2011843,-2.471184,-2.8211842,-2.201184,-2.431184,-2.681184,-2.8011842,-3.6111841,-4.941184,-5.081184,-4.901184,-3.871184,-2.951184,-2.2811842,-1.2411841,-2.691184,-3.431184,-2.201184,-0.55118406,-1.9211841,-2.3511841,-2.3411841,-1.6611841,-1.051184,-1.0011841,-0.67118406,-0.29118407,-1.1711841,-1.6711841,-1.6411841,-1.8911841,-2.1111841,-2.0811841,-1.9811841,-1.801184
-0.9711841,-1.2611841,-1.311184,-0.74118406,-0.6411841,-0.21118408,0.7988159,2.6988158,5.228816,4.598816,3.278816,4.288816,4.468816,3.1588159,3.9688158,0.08881592,-3.211184,-4.151184,-4.401184,-3.0611842,-2.731184,-4.4311843,-5.691184,-3.221184,-3.3411841,-4.021184,-2.761184,-2.2911842,-3.0411842,-3.2811842,-3.501184,-4.031184,-4.861184,-4.601184,-3.931184,-3.251184,-2.431184,-2.3511841,-2.3111842,-2.271184,-2.721184,-1.461184,-1.3611841,-0.20118408,-1.6311841,-1.8911841,-1.3611841,-1.441184,-1.331184,-0.8211841,-1.4711841,-1.9211841,-1.831184,-1.961184,-2.231184,-2.211184,-1.9011841,-1.4111841
-1.0911841,-1.0111841,-1.3611841,-1.3711841,-1.0111841,-0.19118409,0.9188159,2.6788158,4.2788157,3.378816,3.828816,4.0888157,3.498816,3.298816,3.338816,-2.641184,-2.721184,-4.021184,-5.481184,-4.591184,-4.6811843,-5.511184,-3.7911842,-2.5411842,-3.8411841,-3.501184,-2.0511842,-2.191184,-2.911184,-3.021184,-3.5611842,-3.3111842,-3.8611841,-3.8411841,-3.8511841,-3.3111842,-2.8111842,-2.491184,-1.4711841,-0.41118407,-2.001184,-2.401184,-0.85118407,-0.3011841,-1.7511841,0.2688159,-0.8411841,-2.971184,-3.231184,-2.461184,-0.61118406,-1.0111841,-1.4011841,-1.6711841,-2.161184,-2.3511841,-2.001184,-1.3911841
-1.701184,-1.6711841,-1.4911841,-1.211184,-0.7211841,0.2588159,1.2688159,2.728816,3.238816,3.258816,4.0888157,4.098816,2.6688159,2.868816,4.248816,-2.631184,-3.991184,-3.681184,-4.881184,-5.421184,-4.941184,-4.4311843,-3.5611842,-3.0411842,-2.6111841,-1.951184,-2.231184,-3.151184,-3.0711842,-2.271184,-2.5511842,-3.631184,-4.131184,-3.8611841,-3.5711842,-3.3611841,-3.011184,-2.391184,-1.0011841,1.6488159,0.09881592,-2.651184,-3.461184,-1.1011841,0.51881593,1.5888159,0.9888159,-2.211184,-2.181184,-1.3411841,-0.7811841,-0.29118407,0.5288159,-0.18118408,-1.4811841,-2.191184,-2.121184,-1.6111841
-2.0611842,-1.7311841,-1.4111841,-1.1111841,-0.40118408,0.5288159,1.2288159,2.4588158,2.768816,3.268816,3.858816,4.578816,4.228816,4.418816,0.17881592,-3.631184,-4.061184,-5.261184,-5.151184,-4.6811843,-4.121184,-3.191184,-3.181184,-3.3011842,-2.8011842,-2.211184,-1.941184,-2.1111841,-2.121184,-2.5511842,-3.1011841,-2.961184,-3.171184,-3.8611841,-3.6111841,-3.451184,-2.8011842,-1.831184,-0.3311841,2.058816,0.17881592,-1.8511841,-2.1011841,0.5388159,1.6588159,0.8088159,2.058816,-0.16118409,-1.6511841,-0.80118406,-1.2811841,-1.0111841,0.2688159,0.39881593,1.6088159,-1.1511841,-2.161184,-1.7711841
-1.961184,-1.5211841,-1.4111841,-1.081184,-0.37118408,0.17881592,0.8388159,2.1388159,2.6788158,3.278816,4.2988157,4.668816,3.828816,0.03881592,-4.151184,-3.141184,-3.621184,-3.981184,-4.011184,-3.8411841,-3.461184,-3.5511842,-3.951184,-3.721184,-3.221184,-2.8211842,-1.9711841,-1.1411841,-0.54118407,-1.5311841,-3.011184,-3.3411841,-3.451184,-3.221184,-2.681184,-2.191184,-2.0311842,-1.4011841,-1.1511841,-1.0211841,-1.1211841,-0.5911841,0.5888159,1.0888159,0.2588159,1.3488159,1.5088159,0.5288159,-0.18118408,-0.80118406,-1.8911841,-1.1711841,0.6688159,1.178816,0.8588159,-0.061184082,-1.7911841,-1.8611841
-2.161184,-1.701184,-1.4111841,-0.7811841,-0.32118407,-0.25118408,0.4488159,1.8488159,2.568816,2.988816,3.878816,3.038816,3.798816,-0.9111841,-3.131184,-3.3211842,-3.691184,-3.511184,-3.451184,-3.6011841,-3.461184,-3.451184,-3.131184,-2.501184,-2.621184,-3.151184,-2.7811842,-2.001184,-0.7211841,-0.4911841,-1.451184,-1.3811841,-2.8511841,-3.621184,-2.991184,-1.5211841,-1.6511841,-2.0311842,-1.7511841,-1.4111841,-0.5111841,0.8788159,3.018816,1.3288159,0.89881593,1.9588159,-0.24118409,-0.7711841,1.4988159,2.1388159,-0.37118408,-1.951184,-0.8111841,0.15881592,-0.21118408,-0.7711841,-1.3511841,-1.7211841
-2.2811842,-1.701184,-1.3711841,-0.9711841,-0.7211841,-0.3311841,0.45881593,1.6588159,2.348816,2.9088159,3.788816,2.4188159,2.1688159,-0.68118405,-3.0311842,-3.0711842,-3.471184,-3.161184,-2.761184,-2.771184,-2.881184,-2.731184,-2.3611841,-1.8611841,-2.431184,-2.8111842,-2.471184,-2.6011841,-2.201184,-0.9111841,-0.7711841,-1.211184,-1.2611841,-1.4011841,-1.9711841,-2.5811841,-1.6511841,-1.2611841,-1.191184,-0.34118408,0.89881593,1.5788159,1.938816,1.418816,2.1488159,1.308816,-0.031184083,-0.35118407,1.168816,1.4888159,1.9688159,-0.9411841,-2.3611841,-0.7811841,-1.7711841,-2.771184,-2.171184,-1.1011841
-2.2911842,-1.7311841,-1.5111841,-1.561184,-1.331184,-0.54118407,0.50881594,1.6588159,2.4588158,3.078816,3.618816,3.298816,3.258816,1.9588159,-2.921184,-3.001184,-3.501184,-3.421184,-2.8611841,-2.761184,-2.671184,-2.401184,-1.801184,-1.071184,-2.3111842,-2.5811841,-2.381184,-1.7611841,-1.9211841,-1.9911841,-1.0411841,-1.321184,-1.5911841,-1.0011841,-1.581184,-2.771184,-1.941184,-1.2611841,-0.3311841,1.698816,2.6388159,1.198816,1.1388159,1.3688159,0.16881591,-0.31118408,2.378816,1.058816,0.5288159,-0.8411841,1.0888159,1.8488159,-1.9211841,-2.181184,-4.281184,-3.391184,-2.501184,-1.3411841
-2.141184,-1.931184,-1.7211841,-1.9011841,-1.6311841,-0.8711841,0.15881592,1.3288159,2.558816,3.1488159,3.068816,3.738816,4.848816,2.848816,-2.211184,-2.501184,-2.8111842,-2.891184,-2.0711842,-1.7711841,-1.9111841,-1.4011841,-0.7611841,0.21881592,-1.3611841,-1.7211841,-1.821184,-2.2911842,-1.9111841,-1.1511841,-1.1511841,-0.98118407,-0.6311841,-1.3911841,-2.431184,-2.711184,-2.211184,-1.9111841,0.17881592,2.078816,1.548816,0.81881595,1.4088159,2.538816,2.1788158,-0.041184083,1.308816,-1.5011841,0.69881594,-0.9011841,-0.61118406,0.7288159,0.16881591,-0.60118407,-2.491184,-3.641184,-1.681184,-1.201184
-1.061184,-1.5311841,-2.0611842,-2.441184,-2.021184,-1.1611841,-0.05118408,1.0888159,2.328816,3.2088158,2.878816,3.4488158,3.808816,3.9588158,-0.85118407,-2.3311841,-2.881184,-2.401184,-1.6511841,-1.2211841,-1.0011841,-0.47118407,0.018815918,1.2088159,1.048816,-1.4711841,-1.7411841,-1.4811841,-1.9011841,-1.9911841,-1.7711841,-0.8311841,0.33881593,-0.5611841,-1.7711841,-1.7611841,-1.4211841,-1.081184,0.13881592,0.7388159,1.068816,1.298816,1.8288159,2.6788158,1.7588159,0.4888159,0.09881592,-1.1511841,-0.44118407,-3.7911842,-2.461184,0.40881592,2.4188159,0.08881592,-1.2411841,0.8488159,-1.181184,-1.941184
