current-wind-surface-level-gfs-1.0-china-sub.json
{"header": { "discipline":0, "disciplineName":"Meteorological products", "gribEdition":2, "gribLength":964188, "center":7, "centerName":"US National Weather Service - NCEP(WMC)", "subcenter":0, "refTime":"2022-03-11T00:00:00.000Z", "significanceOfRT":1, "significanceOfRTName":"Start of forecast", "productStatus":0, "productStatusName":"Operational products", "productType":1, "productTypeName":"Forecast products", "productDefinitionTemplate":0, "productDefinitionTemplateName":"Analysis/forecast at horizontal level/layer at a point in time", "parameterCategory":2, "parameterCategoryName":"Momentum", "parameterNumber":2, "parameterNumberName":"U-component_of_wind", "parameterUnit":"m.s-1", "genProcessType":2, "genProcessTypeName":"Forecast", "forecastTime":60, "surface1Type":103, "surface1TypeName":"Specified height level above ground", "surface1Value":10.0, "surface2Type":255, "surface2TypeName":"Missing", "surface2Value":0.0, "gridDefinitionTemplate":0, "gridDefinitionTemplateName":"Latitude_Longitude", "numberPoints":67721, "shape":6, "shapeName":"Earth spherical with radius of 6,371,229.0 m", "gridUnits":"degrees", "resolution":48, "winds":"true", "scanMode":0, "nx":281, "ny":241, "basicAngle":0, "lo1":70.0, "la1":0.0, "lo2":140.0, "la2":60.0, "dx":0.25, "dy":0.25 }, "data":
[rows 26 to 51 of 241, columns 58 to 115 of 281]
-5.341184,-5.921184,-5.871184,-6.2011843,-6.191184,-6.551184,-6.861184,-7.331184,-7.821184,-7.781184,-7.421184,-7.021184,-6.521184,-6.241184,-5.851184,-5.481184,-5.841184,-5.841184,-5.571184,-5.4311843,-5.281184,-4.881184,-4.441184,-3.7811842,-3.151184,-3.0311842,-3.1111841,-2.931184,-2.5311842,-3.0811841,-3.501184,-3.0511842,-2.511184,-2.241184,-2.0511842,-1.811184,-1.8711841,-1.8611841,-1.551184,-1.461184,-1.451184,-1.4711841,-1.5311841,-1.701184,-1.8711841,-1.7811841,-1.4211841,-1.2911841,-1.3911841,-1.321184,-1.1011841,-0.8311841,-0.021184081,1.3488159,1.678816,1.3388159,1.038816,0.2988159
-5.231184,-6.081184,-6.321184,-6.301184,-6.751184,-7.131184,-7.151184,-7.481184,-7.761184,-7.9311843,-7.811184,-7.291184,-6.871184,-6.611184,-6.281184,-5.751184,-5.601184,-5.601184,-5.391184,-5.381184,-5.351184,-4.811184,-4.101184,-3.691184,-3.391184,-3.5511842,-3.191184,-2.871184,-3.0311842,-3.411184,-3.3511841,-2.921184,-2.491184,-2.171184,-1.571184,-1.201184,-1.5311841,-1.821184,-1.7811841,-1.6311841,-1.581184,-1.6511841,-1.7311841,-1.7511841,-1.7311841,-1.441184,-1.331184,-1.3711841,-1.311184,-1.1711841,-0.7111841,-0.15118408,0.70881593,1.3688159,1.5888159,0.6588159,0.56881595,0.64881593
-5.741184,-5.921184,-6.4311843,-6.381184,-6.6611843,-7.171184,-7.401184,-7.601184,-7.751184,-7.851184,-7.851184,-7.421184,-7.121184,-6.831184,-6.261184,-5.671184,-5.401184,-5.6811843,-5.521184,-5.2211843,-5.171184,-4.631184,-4.531184,-4.091184,-3.5411842,-3.621184,-3.3511841,-3.3311841,-3.381184,-3.3011842,-3.0411842,-2.5811841,-2.3011842,-2.0711842,-1.4211841,-0.7011841,-0.09118408,0.24881592,-2.231184,-1.7611841,-1.581184,-1.6211841,-1.681184,-1.8911841,-1.7411841,-1.4111841,-1.331184,-1.2411841,-1.051184,-0.6511841,0.03881592,0.9088159,1.418816,1.0888159,1.3988159,0.9788159,0.3588159,0.16881591
-6.211184,-6.241184,-6.061184,-6.311184,-6.421184,-6.871184,-7.391184,-7.6811843,-7.751184,-7.581184,-7.501184,-7.381184,-7.121184,-6.741184,-6.131184,-5.621184,-5.591184,-5.731184,-5.311184,-4.961184,-4.991184,-4.871184,-4.4311843,-3.961184,-3.941184,-3.8311841,-3.941184,-4.291184,-4.191184,-3.631184,-3.141184,-2.5311842,-2.181184,-2.0511842,-1.681184,-1.2311841,-1.691184,-2.711184,-2.3211842,-1.6511841,-1.551184,-1.7511841,-1.941184,-1.9211841,-1.7411841,-1.6411841,-1.4811841,-1.2511841,-0.9511841,-0.28118408,0.6088159,1.4688159,1.6488159,1.188816,1.2788159,1.1388159,0.8088159,-0.7211841
-6.4311843,-6.761184,-6.001184,-5.9511843,-6.131184,-6.741184,-7.231184,-7.591184,-7.781184,-7.171184,-6.891184,-7.1611843,-6.811184,-6.4711843,-6.141184,-5.731184,-5.281184,-5.2011843,-5.311184,-5.311184,-5.041184,-4.621184,-4.041184,-4.021184,-4.441184,-4.621184,-4.4711843,-4.111184,-3.7911842,-3.421184,-2.961184,-2.431184,-2.171184,-2.0311842,-1.7911841,-1.5411841,-1.6611841,-2.0511842,-1.711184,-1.7911841,-1.931184,-2.021184,-1.8811841,-1.801184,-1.8811841,-1.8911841,-1.801184,-1.4111841,-0.9511841,-0.09118408,1.0288159,1.698816,1.6088159,1.788816,1.2288159,0.36881593,0.23881592,-1.201184
-6.231184,-6.281184,-6.131184,-5.991184,-6.191184,-6.601184,-6.9511843,-7.261184,-7.4311843,-6.731184,-6.561184,-6.891184,-6.541184,-5.921184,-5.641184,-5.651184,-5.331184,-5.4311843,-5.571184,-5.301184,-4.881184,-4.7011843,-4.261184,-4.1811843,-4.4111843,-4.551184,-4.271184,-3.741184,-3.461184,-3.3111842,-2.961184,-2.511184,-2.231184,-2.011184,-1.8711841,-1.7411841,-1.5011841,-1.461184,-1.7611841,-2.121184,-1.9811841,-1.831184,-1.8411841,-1.6711841,-1.681184,-2.001184,-1.801184,-1.5311841,-1.0311841,-0.20118408,1.0188159,1.6288159,1.448816,1.6188159,0.6288159,0.008815918,0.31881592,-1.701184
-6.101184,-5.7211843,-6.041184,-6.131184,-5.9511843,-6.1811843,-6.601184,-6.841184,-7.011184,-6.401184,-6.171184,-6.401184,-6.401184,-5.871184,-5.861184,-5.731184,-5.521184,-5.401184,-5.341184,-5.121184,-4.831184,-4.671184,-4.491184,-4.321184,-4.291184,-4.261184,-3.961184,-3.491184,-3.2911842,-3.271184,-3.021184,-2.671184,-2.3511841,-2.001184,-1.821184,-1.6611841,-1.4911841,-1.5411841,-1.8811841,-1.951184,-1.7911841,-1.6711841,-1.6411841,-1.4211841,-1.7211841,-2.231184,-2.021184,-1.7811841,-1.081184,-0.7611841,0.2588159,0.6888159,0.8588159,0.9888159,0.4788159,0.4488159,-0.34118408,-1.321184
-5.7011843,-5.421184,-5.941184,-6.361184,-5.9511843,-6.041184,-6.591184,-6.191184,-6.171184,-6.091184,-6.071184,-6.441184,-6.4511843,-6.111184,-5.761184,-5.531184,-5.441184,-5.171184,-4.981184,-4.921184,-4.741184,-4.521184,-4.4111843,-4.281184,-4.231184,-4.121184,-3.731184,-3.3511841,-3.231184,-3.231184,-3.021184,-2.751184,-2.431184,-2.011184,-1.8411841,-1.7611841,-1.681184,-1.681184,-1.811184,-1.6711841,-1.6411841,-1.6111841,-1.6211841,-1.6411841,-1.6711841,-1.831184,-1.8911841,-1.571184,-1.1311841,-1.0111841,-0.3911841,0.28881592,0.63881594,0.8688159,0.57881594,0.9688159,-0.3911841,-0.8811841
-5.101184,-5.1611843,-5.521184,-6.051184,-5.9711843,-5.871184,-6.1811843,-6.261184,-5.651184,-5.871184,-6.271184,-6.1811843,-6.171184,-5.841184,-5.551184,-5.4511843,-5.321184,-5.031184,-4.6611843,-4.511184,-4.461184,-4.371184,-4.321184,-4.171184,-4.121184,-4.011184,-3.6011841,-3.271184,-3.251184,-3.3511841,-3.0511842,-2.631184,-2.3511841,-2.0911841,-2.021184,-1.8811841,-1.7711841,-1.811184,-1.7411841,-1.5011841,-1.5211841,-1.6111841,-1.691184,-1.5411841,-1.3911841,-1.5211841,-1.6711841,-1.311184,-1.1111841,-1.1511841,-0.4211841,0.40881592,0.88881594,0.9388159,0.42881593,0.45881593,0.24881592,0.11881592
-5.4511843,-5.251184,-5.311184,-5.621184,-5.581184,-5.991184,-6.151184,-5.961184,-5.821184,-5.901184,-5.9711843,-5.811184,-5.631184,-5.4711843,-5.1811843,-5.101184,-5.011184,-4.791184,-4.481184,-4.421184,-4.581184,-4.501184,-4.091184,-3.8011842,-3.911184,-3.931184,-3.641184,-3.3411841,-3.3311841,-3.3611841,-3.011184,-2.491184,-2.251184,-2.1011841,-2.0811841,-1.9711841,-1.9811841,-1.9111841,-1.561184,-1.451184,-1.6511841,-1.691184,-1.551184,-1.1311841,-1.071184,-1.5911841,-1.711184,-1.1511841,-0.6611841,-0.4211841,-0.2711841,0.3888159,1.318816,1.8388159,1.5188159,0.51881593,-0.3011841,-0.3911841
-5.021184,-5.511184,-5.601184,-5.551184,-5.1611843,-5.311184,-6.001184,-6.231184,-5.821184,-5.621184,-5.711184,-5.441184,-5.481184,-5.441184,-5.001184,-5.031184,-5.261184,-5.081184,-4.691184,-4.351184,-4.131184,-4.011184,-3.711184,-3.641184,-3.8211842,-3.901184,-3.751184,-3.451184,-3.2911842,-3.191184,-2.971184,-2.5311842,-2.151184,-2.021184,-2.131184,-2.151184,-2.1011841,-1.941184,-1.5911841,-1.4711841,-1.4211841,-1.7211841,-1.581184,-0.9411841,-0.98118407,-1.3511841,-1.4011841,-1.1011841,-0.32118407,-0.08118408,-0.38118407,-0.17118408,0.9388159,1.428816,0.69881594,0.108815916,0.37881592,-0.6311841
-4.511184,-4.811184,-5.351184,-5.1811843,-5.061184,-5.141184,-5.521184,-5.801184,-5.761184,-5.901184,-5.611184,-5.561184,-5.531184,-5.481184,-5.101184,-4.981184,-5.101184,-4.821184,-4.481184,-4.011184,-3.671184,-3.5611842,-3.5311842,-3.651184,-3.751184,-3.7811842,-3.691184,-3.381184,-3.241184,-3.131184,-2.911184,-2.491184,-2.021184,-1.9211841,-2.201184,-2.271184,-2.0411842,-1.9211841,-1.8511841,-1.6411841,-1.3411841,-1.3711841,-1.461184,-0.9511841,-0.8311841,-1.0211841,-1.061184,-0.7811841,-0.5811841,-0.7711841,-0.41118407,-0.3611841,-0.4511841,-0.7111841,-0.22118407,-0.16118409,-0.4511841,-1.1511841
-4.401184,-4.621184,-5.231184,-5.071184,-4.891184,-4.851184,-4.941184,-5.321184,-5.601184,-5.541184,-5.381184,-5.4311843,-5.061184,-4.871184,-4.7011843,-4.751184,-4.7211843,-4.461184,-4.1811843,-3.911184,-3.6111841,-3.371184,-3.3211842,-3.5611842,-3.691184,-3.641184,-3.5511842,-3.2811842,-3.241184,-3.0611842,-2.761184,-2.3411841,-1.8811841,-1.9011841,-2.181184,-2.211184,-2.011184,-1.941184,-2.011184,-1.6711841,-1.4011841,-1.3711841,-1.2511841,-0.9111841,-0.7711841,-0.93118405,-1.081184,-0.8711841,-0.9111841,-0.74118406,-0.5611841,-0.7611841,-1.081184,-1.1511841,-0.55118406,-0.8811841,-1.1011841,-1.2511841
-4.4111843,-4.551184,-5.151184,-5.111184,-4.851184,-4.611184,-4.571184,-4.861184,-5.361184,-5.301184,-5.021184,-4.6611843,-4.241184,-4.311184,-4.081184,-4.301184,-4.271184,-4.111184,-3.901184,-3.891184,-3.891184,-3.391184,-3.121184,-3.3211842,-3.5311842,-3.441184,-3.2911842,-3.0911841,-3.161184,-3.021184,-2.671184,-2.221184,-1.7411841,-1.7811841,-2.0811841,-2.1011841,-1.8911841,-1.8911841,-2.0311842,-1.711184,-1.5211841,-1.4011841,-1.2811841,-1.0211841,-0.8411841,-0.9711841,-1.0111841,-0.8911841,-0.8311841,-0.55118406,-0.4511841,-0.85118407,-0.8711841,-0.85118407,-0.5711841,-0.6511841,-0.68118405,-1.331184
-4.381184,-4.491184,-5.111184,-5.1811843,-4.851184,-4.501184,-4.371184,-4.511184,-4.991184,-5.011184,-4.741184,-4.171184,-3.731184,-3.491184,-3.5311842,-4.021184,-4.131184,-3.931184,-3.891184,-3.8011842,-3.491184,-3.0311842,-2.951184,-3.121184,-3.371184,-3.3111842,-3.001184,-2.8411841,-2.961184,-2.891184,-2.6011841,-2.191184,-1.6511841,-1.5411841,-1.941184,-1.9811841,-1.7911841,-1.951184,-1.9811841,-1.6511841,-1.5011841,-1.431184,-1.321184,-1.1711841,-1.1111841,-1.201184,-0.9111841,-0.61118406,-0.4811841,-0.041184083,0.23881592,-0.2611841,-0.74118406,-0.7811841,-0.5211841,-0.19118409,0.6688159,-1.1411841
-4.291184,-4.391184,-4.961184,-5.031184,-4.811184,-4.521184,-4.281184,-4.151184,-4.521184,-4.711184,-4.521184,-3.931184,-3.511184,-3.121184,-3.0511842,-3.5911841,-3.881184,-3.631184,-3.441184,-3.371184,-3.231184,-2.901184,-2.8611841,-2.891184,-3.0411842,-3.021184,-2.621184,-2.431184,-2.5711842,-2.521184,-2.151184,-2.0311842,-1.7711841,-1.551184,-1.7511841,-1.811184,-1.7811841,-1.941184,-1.801184,-1.5311841,-1.4211841,-1.4211841,-1.331184,-1.211184,-1.2911841,-1.3411841,-1.051184,-0.43118408,0.08881592,0.5988159,0.9788159,0.5488159,0.11881592,-0.5311841,-0.7611841,-0.6411841,-1.5911841,-2.131184
-4.1611843,-4.331184,-4.751184,-4.861184,-4.7011843,-4.531184,-4.361184,-3.8611841,-4.001184,-4.311184,-4.301184,-3.8611841,-3.481184,-2.971184,-2.681184,-3.0911841,-3.491184,-3.401184,-3.131184,-2.971184,-2.961184,-2.751184,-2.5711842,-2.5411842,-2.691184,-2.711184,-2.3611841,-2.0911841,-1.961184,-1.811184,-1.581184,-1.4911841,-2.021184,-1.8811841,-1.6611841,-1.6511841,-1.6611841,-1.6711841,-1.581184,-1.561184,-1.5111841,-1.3611841,-1.2411841,-1.1711841,-1.311184,-1.321184,-1.0411841,-0.37118408,0.4488159,1.058816,1.2788159,0.8588159,0.4888159,0.27881593,-0.31118408,-0.47118407,-1.2811841,-1.8411841
-4.011184,-4.251184,-4.671184,-4.801184,-4.611184,-4.461184,-4.351184,-3.671184,-3.621184,-3.901184,-3.931184,-3.8111842,-3.5811841,-2.941184,-2.521184,-2.681184,-2.961184,-3.0911841,-3.0411842,-2.731184,-2.671184,-2.631184,-2.431184,-2.421184,-2.3611841,-2.181184,-1.9911841,-1.8711841,-1.691184,-1.5411841,-1.5911841,-1.4811841,-2.0811841,-1.941184,-1.5411841,-1.5211841,-1.4711841,-1.3411841,-1.4111841,-1.6111841,-1.6611841,-1.3811841,-1.1611841,-1.1111841,-1.2311841,-1.2811841,-0.99118406,-0.3611841,0.57881594,1.298816,1.4888159,1.568816,1.1288159,0.9688159,-0.67118406,-0.68118405,-1.441184,-1.8711841
-3.741184,-4.191184,-4.481184,-4.741184,-4.651184,-4.4511843,-4.391184,-3.741184,-3.431184,-3.5511842,-3.501184,-3.6011841,-3.5411842,-2.981184,-2.6011841,-2.491184,-2.511184,-2.701184,-2.921184,-2.691184,-2.481184,-2.5311842,-2.461184,-2.3611841,-2.0811841,-1.7711841,-1.581184,-1.431184,-1.3411841,-1.321184,-1.551184,-2.021184,-1.9211841,-1.711184,-1.571184,-1.4011841,-1.2211841,-1.1111841,-1.2311841,-1.5311841,-1.6611841,-1.3911841,-1.1111841,-1.1611841,-1.2611841,-1.211184,-0.9411841,-0.29118407,0.70881593,1.6088159,2.028816,2.1688159,2.228816,1.9888159,-0.22118407,-1.2611841,-1.0111841,-1.8411841
-3.3011842,-4.091184,-4.241184,-4.501184,-4.691184,-4.521184,-4.4311843,-4.001184,-3.451184,-3.3311841,-3.251184,-3.3311841,-3.3111842,-2.971184,-2.7911842,-2.5311842,-2.3311841,-2.3611841,-2.641184,-2.751184,-2.461184,-2.401184,-2.3511841,-2.231184,-1.9211841,-1.681184,-1.441184,-1.1011841,-1.071184,-1.181184,-1.2811841,-1.3611841,-1.2711841,-1.1711841,-1.681184,-1.4911841,-1.0411841,-1.071184,-1.1311841,-1.331184,-1.5411841,-1.3411841,-1.1011841,-1.201184,-1.2811841,-1.1211841,-0.8311841,-0.12118408,0.9088159,1.8588159,2.488816,2.528816,2.778816,2.9488158,1.0188159,-0.001184082,0.6088159,-0.98118407
-2.921184,-3.8211842,-4.121184,-4.151184,-4.501184,-4.611184,-4.361184,-4.091184,-3.5811841,-3.3211842,-3.201184,-3.0911841,-3.0311842,-2.871184,-2.8111842,-2.6111841,-2.3311841,-2.271184,-2.401184,-2.741184,-2.481184,-2.221184,-2.161184,-2.131184,-1.9211841,-1.7911841,-1.5911841,-1.1011841,-0.86118406,-0.8811841,-0.9511841,-0.9611841,-0.6211841,-0.35118407,-1.8911841,-2.0411842,-1.311184,-1.181184,-1.1011841,-1.071184,-1.2611841,-1.2711841,-1.2411841,-1.2811841,-1.1711841,-0.8711841,-0.6311841,0.028815918,1.1588159,2.1388159,2.818816,3.078816,3.1788158,3.1788158,1.9788159,0.88881594,0.7188159,0.008815918
-2.691184,-3.241184,-4.011184,-3.991184,-4.141184,-4.541184,-4.341184,-4.011184,-3.621184,-3.3411841,-3.171184,-2.941184,-2.8011842,-2.691184,-2.661184,-2.641184,-2.3611841,-2.2911842,-2.221184,-2.5911841,-2.501184,-2.0411842,-2.0311842,-2.0511842,-1.941184,-1.801184,-1.6011841,-1.1011841,-0.2711841,0.12881592,-0.011184082,-0.20118408,0.078815915,-2.121184,-2.461184,-2.5911841,-1.821184,-1.3511841,-1.1411841,-0.9011841,-0.80118406,-0.98118407,-1.2611841,-1.431184,-1.211184,-0.60118407,-0.25118408,0.36881593,1.4988159,2.3988159,3.1888158,3.6988158,3.6388159,3.258816,3.1688159,2.528816,1.1388159,0.3888159
-2.8011842,-2.711184,-3.5811841,-4.131184,-4.051184,-4.301184,-4.211184,-3.941184,-3.671184,-3.3111842,-3.0611842,-2.8511841,-2.651184,-2.481184,-2.381184,-2.5311842,-2.421184,-2.3111842,-2.0511842,-2.271184,-2.421184,-1.9211841,-1.9211841,-2.0711842,-2.0511842,-1.801184,-1.4011841,-1.1111841,-0.2711841,0.37881592,0.36881593,0.09881592,-0.12118408,-1.6511841,-2.5611842,-2.5811841,-2.211184,-1.431184,-1.1011841,-0.9111841,-0.5811841,-0.5611841,-0.98118407,-1.3611841,-1.2911841,-0.5211841,0.24881592,1.038816,2.078816,2.728816,3.498816,4.178816,4.218816,3.7088158,3.3988159,2.858816,1.5988159,0.6888159
-3.171184,-2.661184,-3.011184,-3.941184,-4.061184,-4.1611843,-3.881184,-3.671184,-3.671184,-3.401184,-2.951184,-2.761184,-2.5811841,-2.3611841,-2.0911841,-2.141184,-2.3411841,-2.3511841,-1.961184,-1.9211841,-2.261184,-2.001184,-1.8811841,-2.0311842,-2.0611842,-1.7711841,-1.2311841,-0.99118406,-0.44118407,0.2588159,0.50881594,0.4888159,0.108815916,-0.38118407,-0.68118405,-2.141184,-2.401184,-1.431184,-0.8711841,-0.79118407,-0.5611841,-0.31118408,-0.5711841,-1.0111841,-0.99118406,-0.32118407,0.6188159,1.6588159,2.628816,3.038816,3.808816,4.438816,4.488816,4.038816,3.368816,2.4388158,1.678816,1.0988159
-3.371184,-3.001184,-2.771184,-3.521184,-3.911184,-4.061184,-3.8611841,-3.381184,-3.401184,-3.491184,-3.021184,-2.8311841,-2.691184,-2.421184,-2.0611842,-1.8411841,-2.0911841,-2.3311841,-2.011184,-1.7411841,-2.0611842,-2.0911841,-1.8411841,-1.941184,-2.0711842,-1.811184,-1.1011841,-0.7111841,-0.5811841,-0.12118408,0.37881592,0.76881593,0.9888159,1.6288159,-1.7811841,-2.0311842,-2.3011842,-1.4911841,-0.6511841,-0.40118408,-0.38118407,-0.21118408,-0.15118408,-0.46118408,-0.43118408,0.09881592,0.9888159,2.128816,3.088816,3.328816,3.988816,4.408816,4.438816,4.228816,3.538816,2.328816,0.5288159,1.188816
-3.401184,-3.371184,-2.8211842,-3.141184,-3.701184,-3.741184,-3.891184,-3.411184,-3.1111841,-3.3211842,-2.971184,-2.8211842,-2.951184,-2.661184,-2.231184,-1.7711841,-1.7611841,-2.191184,-2.0911841,-1.7311841,-1.8911841,-2.0411842,-1.9211841,-1.9111841,-2.0311842,-1.961184,-1.1411841,-0.6411841,-0.6611841,-0.38118407,0.06881592,0.5888159,0.4188159,-0.5711841,-0.8311841,-1.6011841,-1.691184,-1.2811841,-0.5811841,-0.09118408,-0.011184082,0.028815918,0.17881592,0.06881592,0.12881592,0.69881594,1.4988159,2.598816,3.528816,3.598816,3.988816,4.248816,4.188816,4.148816,3.7088158,2.788816,2.248816,0.63881594
