current-wind-surface-level-gfs-1.0-china-sub.json
{"header": { "discipline":0, "disciplineName":"Meteorological products", "gribEdition":2, "gribLength":964188, "center":7, "centerName":"US National Weather Service - NCEP(WMC)", "subcenter":0, "refTime":"2022-03-11T00:00:00.000Z", "significanceOfRT":1, "significanceOfRTName":"Start of forecast", "productStatus":0, "productStatusName":"Operational products", "productType":1, "productTypeName":"Forecast products", "productDefinitionTemplate":0, "productDefinitionTemplateName":"Analysis/forecast at horizontal level/layer at a point in time", "parameterCategory":2, "parameterCategoryName":"Momentum", "parameterNumber":2, "parameterNumberName":"U-component_of_wind", "parameterUnit":"m.s-1", "genProcessType":2, "genProcessTypeName":"Forecast", "forecastTime":60, "surface1Type":103, "surface1TypeName":"Specified height level above ground", "surface1Value":10.0, "surface2Type":255, "surface2TypeName":"Missing", "surface2Value":0.0, "gridDefinitionTemplate":0, "gridDefinitionTemplateName":"Latitude_Longitude", "numberPoints":67721, "shape":6, "shapeName":"Earth spherical with radius of 6,371,229.0 m", "gridUnits":"degrees", "resolution":48, "winds":"true", "scanMode":0, "nx":281, "ny":241, "basicAngle":0, "lo1":70.0, "la1":0.0, "lo2":140.0, "la2":60.0, "dx":0.25, "dy":0.25 }, "data":
[rows 104 to 129 of 241, columns 0 to 57 of 281]
2.118816,2.4388158,2.588816,2.6788158,2.988816,3.058816,2.628816,2.228816,1.698816,1.068816,1.1488159,1.7488159,2.038816,2.268816,2.3888159,2.7188158,3.068816,3.278816,3.098816,2.9088159,2.6688159,2.3988159,1.9688159,1.6488159,1.198816,1.5888159,1.7488159,1.5088159,1.688816,1.8388159,1.4588159,2.088816,2.518816,2.758816,2.738816,2.108816,1.0988159,1.0088159,1.7488159,2.008816,1.448816,1.1388159,0.9788159,1.168816,1.2088159,1.198816,1.8288159,1.7088159,1.288816,1.438816,1.4988159,1.538816,1.7288159,2.1488159,2.358816,2.4588158,2.4088159,2.2188158
1.8688159,2.318816,2.588816,2.848816,2.818816,2.7188158,2.7088158,2.6588159,2.4488158,2.368816,2.358816,2.508816,2.6488159,2.758816,2.808816,3.1788158,3.1888158,3.1788158,3.018816,2.808816,2.508816,1.7388159,1.568816,1.8888159,2.058816,2.4088159,2.558816,2.308816,1.948816,1.8388159,1.668816,2.058816,2.618816,3.008816,2.7188158,1.4988159,1.2188159,1.5088159,1.2488159,0.94881594,0.7888159,0.81881595,1.038816,1.678816,1.928816,1.918816,1.948816,2.548816,2.078816,1.068816,0.89881593,1.2488159,1.448816,1.7288159,1.9988159,2.228816,2.1688159,2.068816
1.6088159,2.068816,2.4288158,2.778816,2.378816,2.348816,2.6688159,2.848816,2.988816,3.308816,3.368816,3.048816,2.7088158,2.3888159,2.4688158,2.798816,2.788816,2.6488159,2.6488159,2.598816,2.258816,1.7288159,1.9788159,2.598816,3.018816,3.318816,3.008816,2.598816,2.4188159,1.6588159,1.7388159,2.108816,2.508816,2.9088159,2.328816,1.7388159,1.8588159,1.298816,0.50881594,0.63881594,0.9088159,1.3288159,1.7388159,2.328816,2.6788158,1.918816,1.9688159,2.378816,1.8488159,0.9788159,0.9088159,1.3488159,1.7688159,2.318816,2.508816,2.348816,2.108816,2.068816
1.928816,2.1888158,2.6388159,2.748816,2.328816,2.378816,3.018816,3.518816,3.548816,3.278816,2.848816,2.6788158,2.628816,2.568816,2.6688159,2.9188159,2.9488158,2.728816,2.598816,2.738816,2.588816,2.1788158,2.288816,2.878816,2.788816,3.338816,3.1388159,2.4288158,2.3888159,1.0988159,1.0088159,1.6188159,2.128816,2.3988159,2.318816,1.9688159,1.3788159,0.28881592,-0.101184085,0.63881594,1.4088159,1.9988159,2.098816,2.328816,2.2088158,1.7688159,2.118816,2.018816,1.8888159,1.668816,1.688816,2.068816,2.348816,2.728816,2.988816,2.328816,1.438816,1.4888159
2.238816,2.528816,2.6488159,2.368816,2.498816,2.8988159,3.528816,4.008816,3.9688158,3.808816,3.528816,3.2188158,3.028816,3.1488159,3.3888159,3.628816,3.558816,3.098816,2.978816,3.248816,2.9688158,2.088816,2.028816,2.778816,3.1388159,3.4088159,3.058816,2.3888159,2.018816,1.3388159,0.7188159,1.438816,2.048816,2.308816,1.798816,0.69881594,0.46881592,-0.17118408,-0.54118407,0.5888159,1.3888159,1.5788159,1.818816,2.298816,2.1988158,1.5888159,1.788816,1.928816,2.338816,2.6688159,2.598816,2.4688158,2.4088159,2.508816,2.628816,2.488816,1.9688159,1.5088159
2.6688159,2.728816,2.6788158,2.368816,2.788816,3.6588159,4.228816,4.458816,4.2788157,3.798816,3.1988158,3.2088158,3.6488159,4.008816,4.2788157,4.2988157,4.168816,3.6988158,3.4588158,3.028816,2.6688159,2.248816,2.528816,3.1488159,3.4288158,2.9388158,3.1788158,3.228816,2.3988159,1.7788159,1.4088159,1.6188159,1.6588159,1.2188159,0.69881594,0.70881593,0.43881592,-0.38118407,-0.3911841,0.6188159,1.168816,1.6288159,2.378816,2.858816,2.3888159,1.7588159,2.268816,2.538816,2.738816,3.078816,3.058816,2.6988158,2.4188159,2.4388158,2.538816,2.878816,2.7088158,1.948816
2.4588158,2.588816,2.828816,3.018816,3.328816,3.8988159,4.148816,4.078816,3.9588158,3.858816,3.978816,4.308816,4.5688157,4.638816,4.668816,4.598816,4.508816,4.178816,3.6988158,3.108816,3.028816,3.318816,3.358816,3.1888158,3.048816,2.828816,3.2088158,3.6488159,2.828816,1.3588159,1.298816,1.318816,1.0888159,1.0288159,1.188816,0.49881592,-0.071184084,0.12881592,0.56881595,1.1488159,1.6388159,2.1888158,2.728816,2.9388158,2.818816,2.298816,2.558816,2.818816,3.058816,3.3988159,3.558816,3.328816,2.788816,2.4088159,2.348816,2.348816,2.2088158,2.1588159
1.7388159,2.2088158,2.768816,3.238816,3.478816,3.7188158,3.9288158,4.0888157,4.238816,4.418816,4.5688157,4.748816,4.888816,4.898816,4.898816,4.848816,4.848816,4.618816,4.5688157,3.978816,3.618816,3.6888158,3.528816,3.1988158,2.6688159,2.6488159,3.498816,3.278816,1.548816,0.36881593,0.51881593,0.7488159,1.3288159,1.7588159,1.2388159,0.11881592,0.28881592,0.9788159,1.438816,1.7488159,2.128816,2.3988159,2.728816,3.1388159,3.4088159,2.858816,2.848816,3.1688159,3.328816,3.1488159,3.3888159,2.288816,0.9288159,0.5388159,0.7788159,1.0288159,1.0288159,1.3388159
0.43881592,1.668816,2.578816,2.6488159,2.748816,3.1888158,3.6988158,4.0888157,4.268816,4.498816,4.748816,4.968816,5.128816,5.138816,5.128816,5.138816,5.188816,5.168816,5.0488157,4.178816,3.538816,3.338816,2.998816,2.548816,2.048816,2.608816,2.878816,2.008816,0.11881592,-0.17118408,0.2588159,1.188816,2.048816,2.008816,1.3488159,1.0788159,1.548816,2.018816,1.9788159,1.8388159,2.248816,2.808816,3.3888159,3.7088158,3.628816,2.868816,3.078816,2.818816,2.568816,2.9588158,2.308816,1.5988159,0.9888159,1.1288159,0.9188159,0.7288159,-0.3011841,-0.47118407
1.3288159,1.688816,1.4788159,1.3988159,2.028816,2.9388158,3.628816,4.0688157,4.258816,4.488816,4.708816,4.978816,5.168816,5.098816,4.978816,4.898816,4.8388157,4.648816,3.998816,3.248816,3.1488159,3.058816,2.568816,1.9688159,1.918816,2.3888159,2.808816,1.818816,-0.101184085,0.2588159,0.9988159,2.288816,3.008816,3.008816,2.628816,2.4088159,2.488816,2.588816,2.1488159,1.7388159,2.248816,3.268816,4.138816,3.598816,2.9188159,2.328816,2.3988159,1.808816,1.928816,2.018816,1.288816,0.7188159,0.63881594,1.6388159,-0.061184082,-1.2911841,-1.1711841,0.16881591
2.6988158,2.8888159,1.6488159,1.038816,1.198816,2.1788158,2.788816,3.498816,3.768816,3.848816,3.978816,4.158816,4.258816,4.198816,4.248816,4.198816,3.818816,2.988816,2.498816,2.6888158,2.778816,2.538816,2.068816,1.7788159,1.7588159,2.758816,3.608816,1.7188159,0.6888159,1.6288159,2.308816,3.1388159,3.258816,2.848816,2.628816,2.508816,2.6388159,2.348816,1.418816,0.9888159,2.118816,3.498816,3.478816,2.378816,2.498816,1.568816,1.2588159,0.9888159,1.3488159,1.058816,1.4088159,1.438816,0.76881593,0.018815918,-0.79118407,0.15881592,1.058816,-0.061184082
1.6488159,2.748816,2.538816,2.1588159,1.6588159,0.8788159,1.8888159,2.228816,2.068816,2.6388159,3.098816,3.058816,3.1388159,3.358816,3.558816,3.628816,2.9488158,2.118816,2.1488159,2.238816,2.288816,2.1388159,2.008816,2.3988159,3.078816,4.058816,3.288816,1.8288159,1.8788159,2.4588158,2.7088158,2.4288158,1.7688159,1.938816,2.508816,2.538816,2.548816,-0.86118406,-1.561184,-0.44118407,2.1688159,2.618816,1.6388159,1.418816,1.198816,0.9788159,0.95881593,1.6488159,1.0788159,0.82881594,1.438816,2.058816,0.4788159,-1.071184,2.6388159,0.64881593,-2.0411842,-0.16118409
1.068816,2.078816,2.478816,1.9888159,1.4888159,0.7388159,1.6488159,0.6888159,0.89881593,1.8388159,2.578816,2.838816,3.528816,3.6988158,2.528816,2.588816,2.308816,1.698816,2.058816,2.078816,2.338816,2.748816,3.088816,3.598816,4.2788157,4.078816,2.568816,2.128816,2.058816,1.668816,1.6088159,1.428816,1.9988159,2.498816,2.048816,2.9688158,0.94881594,-2.481184,-1.701184,0.24881592,2.548816,1.3388159,0.7888159,0.8088159,0.75881594,0.70881593,0.5888159,1.188816,0.8588159,0.5588159,1.5988159,2.008816,-1.451184,-2.3511841,-0.38118407,4.0888157,-2.271184,0.11881592
1.058816,1.068816,1.7488159,1.5288159,1.548816,1.6388159,1.5788159,0.33881593,0.40881592,1.5788159,2.358816,3.1988158,4.288816,3.608816,0.6588159,1.7788159,2.518816,2.4188159,2.578816,2.6988158,2.6488159,3.3888159,4.178816,4.2788157,3.278816,2.228816,1.7788159,1.6388159,1.3488159,1.3788159,1.418816,1.438816,1.818816,1.8888159,2.4688158,3.9488158,-0.6411841,-1.7611841,-0.09118408,0.5288159,0.4788159,0.7288159,0.89881593,1.5988159,0.03881592,0.40881592,0.9288159,1.688816,2.538816,1.198816,1.1188159,-0.001184082,-1.2611841,-1.711184,-2.271184,3.508816,0.36881593,0.95881593
-1.961184,0.5388159,0.88881594,1.4688159,1.418816,1.298816,1.548816,1.4788159,0.4788159,0.6788159,2.288816,3.278816,3.1888158,2.1788158,1.3788159,2.4388158,2.8888159,2.578816,2.608816,2.9588158,3.118816,3.508816,3.098816,2.3888159,2.028816,2.118816,1.7788159,1.3588159,1.8588159,1.8588159,0.7788159,1.2788159,1.308816,1.8588159,2.9488158,3.4488158,0.3888159,0.3288159,1.5788159,1.6288159,0.06881592,0.50881594,1.0788159,1.7588159,0.4888159,0.42881593,2.098816,1.5888159,2.1488159,2.018816,-1.951184,-1.3611841,-1.0211841,-0.40118408,1.8988159,3.278816,2.078816,3.068816
-1.551184,-0.37118408,0.7388159,1.058816,1.198816,0.94881594,1.2288159,1.938816,1.1488159,0.7488159,1.8988159,2.058816,1.428816,2.058816,2.088816,2.1488159,1.808816,1.6488159,2.488816,3.068816,3.088816,3.058816,2.868816,2.508816,2.098816,1.7588159,1.4788159,1.788816,1.6088159,0.2588159,0.9288159,1.1588159,0.28881592,1.6388159,1.8388159,1.2688159,1.178816,0.9288159,1.928816,1.9688159,0.3588159,0.108815916,0.9788159,1.788816,2.1588159,0.95881593,1.2288159,0.20881592,0.7288159,1.6588159,-1.681184,-0.9611841,2.1588159,2.4088159,1.938816,3.128816,2.338816,0.9288159
1.9988159,-2.691184,-0.17118408,1.0188159,-0.4911841,0.17881592,0.9888159,2.028816,0.9688159,1.2088159,1.688816,1.678816,1.6088159,1.4588159,1.788816,2.128816,1.948816,2.4488158,2.988816,2.6788158,2.478816,2.6488159,2.4688158,2.008816,1.6288159,1.3588159,1.5188159,0.8688159,-0.47118407,0.3288159,1.808816,2.028816,0.8688159,1.2488159,1.3988159,2.018816,1.7488159,0.7488159,1.4788159,0.8088159,0.3288159,0.64881593,1.538816,0.36881593,-0.21118408,0.42881593,1.3688159,1.038816,-1.9211841,-0.7211841,-0.05118408,2.058816,2.498816,2.3888159,2.378816,3.1988158,1.0888159,-0.9011841
2.9288158,-3.471184,-0.86118406,0.6888159,-1.7611841,-0.4511841,0.2588159,1.0188159,0.7288159,0.70881593,1.2088159,1.4988159,1.448816,1.4988159,1.808816,1.7488159,1.6188159,1.7688159,1.568816,1.8488159,2.508816,2.748816,2.328816,1.6588159,1.1388159,1.0288159,0.9088159,-0.28118408,0.16881591,1.538816,2.488816,2.528816,1.4788159,1.3588159,1.558816,1.8688159,1.8688159,1.808816,1.8688159,0.9988159,0.69881594,0.9688159,-0.2711841,-0.4911841,-0.7611841,-1.7411841,0.20881592,-1.191184,0.14881591,2.128816,2.9288158,2.598816,2.378816,1.7288159,0.078815915,1.0988159,0.4788159,1.1288159
2.878816,-2.711184,-0.80118406,0.028815918,-2.891184,-1.831184,-0.93118405,0.5588159,1.3988159,1.048816,0.7388159,1.058816,1.4088159,1.8588159,1.9788159,1.5088159,1.058816,1.548816,2.228816,2.288816,2.568816,2.548816,1.8888159,0.6188159,0.49881592,0.45881593,0.70881593,-0.071184084,1.3588159,2.368816,1.9788159,1.168816,1.4088159,1.538816,1.198816,1.1488159,1.0888159,1.5288159,1.5288159,0.46881592,0.6888159,-0.7011841,0.08881592,1.1388159,1.4588159,0.3288159,1.418816,-1.211184,0.50881594,0.8088159,0.45881593,-0.041184083,0.048815917,0.30881593,0.05881592,-0.17118408,0.9288159,2.298816
1.1388159,-2.5811841,-0.7111841,-0.2711841,-2.771184,-3.121184,-1.1111841,0.13881592,0.8088159,1.6088159,1.5988159,1.198816,1.5188159,1.698816,1.6488159,1.188816,1.3588159,1.678816,1.7088159,1.4688159,2.1888158,2.6488159,0.9188159,-0.35118407,0.13881592,0.27881593,1.0988159,0.11881592,1.3488159,1.178816,0.5988159,0.8388159,1.1388159,1.6088159,1.3288159,0.7988159,-0.47118407,-0.05118408,-0.13118409,-0.8311841,-1.9811841,-0.7711841,1.0288159,0.7388159,1.0988159,2.788816,1.6588159,2.108816,1.4888159,-0.18118408,-0.8411841,1.1188159,1.548816,-0.23118408,2.758816,2.6588159,2.828816,2.008816
0.45881593,-1.9811841,-0.46118408,0.22881591,-2.421184,-3.901184,-1.4111841,-0.071184084,0.70881593,1.938816,2.7088158,1.3888159,1.0888159,0.76881593,1.318816,1.3688159,1.798816,1.2788159,1.0288159,1.2588159,2.498816,2.6788158,-0.20118408,-0.61118406,-0.55118406,1.318816,2.088816,0.7388159,1.5088159,2.128816,2.008816,0.3588159,1.4088159,1.1088159,1.448816,1.678816,0.40881592,-0.09118408,-0.05118408,1.7688159,1.4688159,0.5588159,0.24881592,0.6688159,0.24881592,-1.1711841,0.17881592,0.7288159,1.418816,0.22881591,0.69881594,1.7488159,0.95881593,-0.99118406,1.5888159,3.378816,-0.92118406,-1.6711841
0.56881595,-1.9711841,0.09881592,0.30881593,-3.671184,-3.3511841,-1.2211841,-0.3011841,0.4188159,2.4088159,3.348816,1.5288159,0.51881593,0.89881593,1.6388159,1.7088159,1.0088159,-0.001184082,0.7188159,1.8788159,3.088816,-0.3311841,-1.451184,-0.79118407,0.5988159,2.578816,2.268816,1.0988159,1.938816,2.028816,2.2088158,1.7488159,-0.21118408,-0.41118407,0.4788159,1.2688159,-0.46118408,-0.5011841,0.5288159,1.5188159,1.4988159,1.7588159,0.37881592,-1.4111841,-1.2211841,0.9388159,1.808816,1.6188159,1.1188159,0.45881593,2.808816,2.6588159,-0.55118406,-1.4011841,1.1088159,0.4188159,-2.481184,-1.5211841
-0.071184084,-1.701184,-0.16118409,-0.5011841,-2.991184,-2.5311842,-1.1711841,-0.3311841,0.6688159,2.4088159,3.2088158,1.948816,0.89881593,1.0788159,1.568816,0.9688159,-0.35118407,-0.5211841,0.95881593,2.4188159,1.6288159,-2.491184,-1.2611841,0.36881593,2.338816,2.9688158,2.578816,1.7788159,1.7788159,1.8588159,1.5888159,0.28881592,-3.1111841,-2.741184,-1.2811841,-0.29118407,-0.6311841,0.20881592,0.76881593,1.1488159,1.1588159,2.318816,-0.8311841,-0.93118405,2.7088158,2.038816,2.608816,2.3888159,1.2688159,-1.0211841,2.4188159,-3.3411841,-2.891184,-0.44118407,0.6588159,-0.18118408,-3.8511841,-1.7911841
-2.171184,-2.631184,-1.301184,-0.4911841,-0.73118407,-2.261184,-1.1411841,0.11881592,1.0188159,2.1888158,2.9588158,1.8288159,0.6188159,1.068816,0.9188159,-0.68118405,-0.79118407,0.16881591,1.5988159,2.038816,-0.7011841,-1.7211841,-0.071184084,1.418816,2.1388159,1.7088159,2.308816,1.6088159,1.7688159,2.118816,1.938816,0.37881592,-0.15118408,-1.1011841,-1.5011841,-3.3011842,-0.22118407,0.7188159,1.0188159,-0.80118406,-0.20118408,0.9088159,-2.191184,2.4488158,2.1688159,1.448816,3.878816,1.3588159,-2.481184,-0.9011841,1.7288159,-0.5011841,-0.041184083,1.0288159,-0.8111841,-0.37118408,-2.131184,-1.441184
-3.6111841,-2.681184,-2.011184,-0.9611841,1.048816,-1.0911841,-1.5311841,0.76881593,1.8288159,2.228816,1.3988159,0.23881592,0.57881594,0.5588159,0.12881592,-0.44118407,-0.11118408,1.3888159,1.7688159,0.008815918,-1.181184,-0.13118409,1.0788159,2.028816,1.2588159,1.288816,2.038816,1.1188159,1.0788159,1.4688159,0.9888159,0.69881594,0.76881593,-0.3011841,-0.8711841,-3.001184,0.5388159,1.428816,-0.6211841,-2.8411841,0.2988159,-0.5611841,0.88881594,2.4488158,1.808816,1.8588159,2.878816,-2.391184,-2.991184,-0.44118407,1.558816,1.6188159,0.4788159,0.18881592,-3.181184,-0.93118405,-1.1311841,-0.6411841
-2.951184,-2.371184,-1.801184,-0.9411841,0.078815915,-1.801184,-1.5911841,0.8088159,2.6488159,0.6288159,-1.4911841,-0.7011841,0.64881593,0.57881594,0.8588159,0.6288159,0.2588159,2.008816,2.058816,-1.1411841,-0.32118407,1.308816,1.9988159,2.368816,2.058816,0.9088159,0.16881591,0.13881592,-1.4811841,-0.8911841,-1.551184,0.8788159,0.40881592,-0.7711841,-0.61118406,-1.571184,0.42881593,0.8488159,-1.431184,1.0288159,0.5888159,0.24881592,2.598816,3.118816,2.088816,2.788816,1.448816,-2.5411842,-1.691184,0.2688159,0.40881592,-0.8811841,0.9888159,1.4788159,1.048816,-1.0311841,-1.321184,-0.12118408
