current-wind-surface-level-gfs-1.0-china-sub.json
{"header": { "discipline":0, "disciplineName":"Meteorological products", "gribEdition":2, "gribLength":964188, "center":7, "centerName":"US National Weather Service - NCEP(WMC)", "subcenter":0, "refTime":"2022-03-11T00:00:00.000Z", "significanceOfRT":1, "significanceOfRTName":"Start of forecast", "productStatus":0, "productStatusName":"Operational products", "productType":1, "productTypeName":"Forecast products", "productDefinitionTemplate":0, "productDefinitionTemplateName":"Analysis/forecast at horizontal level/layer at a point in time", "parameterCategory":2, "parameterCategoryName":"Momentum", "parameterNumber":2, "parameterNumberName":"U-component_of_wind", "parameterUnit":"m.s-1", "genProcessType":2, "genProcessTypeName":"Forecast", "forecastTime":60, "surface1Type":103, "surface1TypeName":"Specified height level above ground", "surface1Value":10.0, "surface2Type":255, "surface2TypeName":"Missing", "surface2Value":0.0, "gridDefinitionTemplate":0, "gridDefinitionTemplateName":"Latitude_Longitude", "numberPoints":67721, "shape":6, "shapeName":"Earth spherical with radius of 6,371,229.0 m", "gridUnits":"degrees", "resolution":48, "winds":"true", "scanMode":0, "nx":281, "ny":241, "basicAngle":0, "lo1":70.0, "la1":0.0, "lo2":140.0, "la2":60.0, "dx":0.25, "dy":0.25 }, "data":
[rows 182 to 207 of 241, columns 0 to 57 of 281]
9.608816,10.098816,10.228816,10.298816,10.088816,9.548816,7.458816,6.358816,5.5688157,5.258816,5.0288157,5.2788157,5.058816,4.648816,4.498816,3.518816,2.1888158,1.808816,1.9588159,2.368816,2.308816,2.228816,2.758816,2.618816,2.248816,2.048816,2.338816,2.728816,3.088816,3.478816,3.368816,3.068816,2.828816,2.9488158,3.368816,3.798816,4.5688157,6.738816,6.0488157,5.348816,4.618816,1.4588159,-1.301184,-1.581184,-1.051184,1.5788159,2.4488158,0.43881592,-0.13118409,0.03881592,0.45881593,-0.15118408,0.69881594,1.4988159,0.88881594,1.2188159,0.9388159,1.1388159
9.7888155,9.878816,9.938816,10.338816,10.468816,9.608816,7.578816,6.538816,5.468816,4.668816,4.5488157,6.008816,6.458816,5.848816,3.838816,2.778816,2.368816,1.798816,2.038816,2.1788158,2.3888159,2.6488159,3.308816,3.618816,3.498816,3.268816,3.268816,3.618816,4.238816,4.678816,4.468816,4.688816,5.178816,4.5888157,4.418816,3.758816,3.128816,3.7188158,5.078816,6.0888157,5.508816,4.078816,1.0188159,-1.681184,-1.2611841,1.3488159,1.668816,-0.38118407,-1.5211841,0.4488159,-1.2911841,0.09881592,0.9088159,-0.40118408,-1.1711841,1.7588159,2.6988158,0.9088159
9.888816,10.058816,10.178816,10.148816,10.118816,9.908816,7.968816,7.2988157,7.448816,6.0288157,4.698816,5.038816,5.658816,5.938816,5.948816,3.2188158,1.538816,1.558816,1.8788159,2.4088159,2.6688159,2.748816,2.808816,3.098816,3.6388159,4.258816,4.788816,5.118816,5.158816,5.3388157,5.5288157,5.898816,6.008816,5.558816,5.408816,5.368816,4.978816,4.738816,5.218816,5.3188157,4.508816,3.748816,2.748816,2.738816,2.9688158,2.518816,0.82881594,-0.11118408,-0.4911841,-0.43118408,-0.8711841,1.3988159,2.548816,2.758816,1.058816,0.13881592,2.4588158,3.748816
9.928816,10.008816,9.988816,9.908816,10.128816,9.048816,7.188816,6.288816,6.198816,6.308816,5.918816,5.608816,5.668816,6.008816,6.128816,4.828816,2.038816,0.4888159,0.9688159,1.6388159,2.4488158,3.028816,3.538816,3.9688158,4.3388157,4.668816,4.948816,5.3388157,5.598816,5.808816,5.998816,5.728816,5.2788157,5.208816,5.5288157,5.718816,5.7788157,6.038816,6.858816,6.878816,5.488816,4.458816,4.118816,3.1888158,4.458816,3.568816,0.23881592,0.37881592,0.76881593,1.058816,0.49881592,2.328816,0.63881594,-0.2711841,0.2988159,-0.8711841,1.4088159,4.988816
9.648816,9.5388155,9.448816,9.798816,9.858816,8.2888155,6.618816,6.158816,5.658816,5.628816,5.908816,6.198816,6.0288157,4.748816,3.838816,3.618816,2.728816,0.57881594,0.03881592,0.5988159,1.0188159,1.0288159,1.3888159,2.048816,2.4188159,2.8988159,3.4188159,4.0288157,3.828816,4.078816,4.3388157,4.438816,4.438816,5.178816,4.618816,4.118816,3.6688159,4.748816,5.178816,5.418816,5.018816,4.378816,2.858816,-1.211184,-1.6311841,-1.6611841,-0.13118409,0.39881593,-0.08118408,0.6188159,-0.41118407,-1.331184,-1.301184,-1.6311841,-0.9611841,-0.5011841,1.2088159,5.198816
9.088816,9.348816,9.108816,8.418816,7.908816,6.848816,5.938816,5.878816,5.708816,4.698816,3.258816,2.6888158,3.238816,3.268816,2.6888158,2.578816,2.508816,2.018816,1.788816,1.1588159,0.5888159,1.2588159,2.608816,2.768816,2.538816,3.018816,4.288816,5.098816,5.3188157,5.848816,6.368816,7.198816,7.648816,8.148816,8.198816,7.308816,5.988816,5.438816,5.448816,5.908816,5.738816,4.368816,0.5388159,-2.671184,-2.8411841,-2.0311842,-0.28118408,-0.93118405,-2.251184,-1.6011841,-0.8411841,-0.5611841,-0.68118405,-1.8811841,-0.7011841,1.4988159,1.928816,1.7788159
8.868816,9.268816,6.878816,4.428816,4.578816,3.328816,2.4388158,2.318816,2.248816,2.028816,1.4988159,1.808816,2.348816,2.9488158,3.2188158,3.1988158,2.988816,2.488816,2.4488158,2.7188158,2.9288158,3.2188158,3.998816,4.708816,5.2788157,6.0288157,6.628816,6.118816,5.308816,5.438816,5.558816,5.978816,6.418816,6.888816,7.7788157,7.848816,6.478816,5.478816,5.718816,5.938816,4.928816,0.57881594,-3.0911841,-3.001184,-2.911184,-2.3211842,-1.301184,-1.9011841,-2.971184,-1.561184,0.12881592,-0.5011841,-0.61118406,-0.23118408,3.608816,5.328816,1.7688159,-1.4811841
8.248816,8.508816,6.7988157,4.458816,2.9388158,1.8788159,1.3688159,1.5088159,1.808816,1.7788159,2.598816,4.628816,4.348816,2.758816,3.088816,3.058816,1.9088159,0.88881594,1.698816,2.838816,2.838816,3.238816,3.9288158,4.248816,4.348816,4.5688157,5.648816,5.828816,4.958816,5.348816,6.728816,7.078816,7.108816,7.618816,7.428816,4.8388157,2.028816,1.3588159,2.1388159,2.098816,-0.46118408,-2.021184,-2.8111842,-2.691184,-2.221184,-1.0911841,-0.18118408,-0.8711841,-0.2711841,3.528816,5.5288157,3.258816,1.9088159,3.548816,5.978816,6.2988157,2.588816,-0.68118405
4.828816,4.5888157,4.888816,3.728816,2.298816,1.3788159,0.57881594,1.0988159,1.5988159,2.508816,4.138816,4.198816,4.688816,4.3388157,3.798816,2.9488158,0.7788159,-0.55118406,0.3288159,1.8388159,3.4188159,4.8188157,4.598816,4.608816,5.608816,5.118816,4.788816,5.648816,5.658816,5.948816,6.738816,7.408816,8.668816,9.548816,9.018816,7.8388157,5.738816,3.328816,2.848816,1.7788159,0.03881592,0.37881592,0.028815918,0.75881594,3.9588158,6.848816,7.558816,5.848816,4.198816,5.978816,8.438816,8.178816,2.788816,0.4888159,0.2688159,-1.1611841,-0.3911841,1.9588159
3.618816,1.3888159,-0.041184083,0.9388159,2.1588159,1.818816,1.3688159,2.118816,2.6688159,2.738816,4.198816,4.458816,3.528816,4.458816,5.918816,5.618816,4.0288157,2.338816,2.828816,4.348816,6.238816,7.188816,6.408816,5.828816,7.118816,6.8188157,5.508816,5.408816,6.7788157,7.858816,7.738816,8.448816,9.238816,10.468816,10.048816,7.578816,6.718816,5.888816,4.868816,4.418816,4.5288157,4.608816,4.228816,4.558816,7.0688157,8.958816,8.908816,10.138816,10.148816,7.398816,1.3388159,-0.5311841,-0.9111841,-1.2511841,-1.801184,-2.231184,-2.011184,-2.681184
2.1488159,2.098816,1.568816,1.058816,1.7088159,1.6488159,1.2288159,1.6088159,2.558816,3.9188159,5.988816,6.858816,5.788816,5.758816,5.808816,4.948816,4.2988157,4.498816,4.578816,5.648816,7.608816,8.388816,8.228816,8.178816,7.418816,6.7788157,6.058816,6.148816,6.728816,7.618816,8.158816,8.928816,9.718816,9.568816,8.818816,7.428816,7.178816,6.868816,6.288816,6.408816,6.248816,4.978816,5.098816,6.428816,7.3388157,8.248816,9.318816,9.598816,5.2788157,-1.6711841,-1.8511841,-0.67118406,-0.7111841,-2.711184,-4.831184,-6.041184,-6.461184,-7.371184
1.5988159,1.6288159,2.118816,3.058816,2.9688158,2.4388158,2.048816,1.298816,1.288816,2.6488159,4.058816,4.0488157,3.6888158,4.098816,4.8188157,4.898816,4.978816,5.7788157,7.418816,8.348816,9.048816,9.108816,9.258816,9.458816,8.748816,8.468816,7.878816,8.228816,8.228816,8.528816,8.198816,8.0388155,7.808816,6.648816,5.998816,5.348816,5.858816,6.648816,8.128816,9.268816,7.128816,3.848816,3.4588158,5.458816,7.148816,8.138816,9.408816,8.578815,0.8688159,-2.0711842,-1.1511841,-0.22118407,-0.5811841,-2.8111842,-4.2011843,-4.371184,-4.091184,-4.571184
0.82881594,0.9188159,1.5288159,2.538816,3.608816,3.788816,3.028816,2.6788158,2.9488158,4.208816,5.0288157,5.208816,5.668816,5.438816,5.358816,5.598816,5.558816,6.2988157,7.668816,8.468816,8.348816,7.7788157,9.128816,9.408816,8.818816,8.758816,8.698816,8.838816,9.5388155,9.468816,8.668816,7.258816,6.138816,5.728816,6.038816,5.708816,6.208816,8.398816,10.268816,8.948816,6.5688157,5.578816,5.438816,5.708816,7.228816,8.958816,8.828815,4.208816,-1.3511841,-1.7711841,-1.071184,-0.34118408,-0.44118407,-0.031184083,-0.61118406,-2.5711842,-3.001184,-3.761184
0.5288159,0.6688159,0.9788159,1.4088159,1.7588159,1.9088159,2.038816,2.298816,2.878816,3.4388158,3.618816,3.9188159,4.948816,5.358816,4.808816,5.378816,6.258816,6.358816,7.208816,7.438816,8.308816,8.648816,9.438816,9.428816,9.138816,8.628816,8.548816,7.388816,7.888816,8.858816,8.608816,7.718816,6.788816,6.368816,6.708816,7.058816,8.278816,8.968816,9.198816,8.0388155,6.618816,6.0888157,6.418816,6.5488157,6.078816,7.108816,3.618816,-2.021184,-2.3511841,-1.7511841,-1.551184,-0.6411841,-0.18118408,0.2688159,0.22881591,-1.821184,-2.181184,-0.67118406
0.08881592,0.5288159,0.9388159,1.6488159,2.1788158,2.028816,2.088816,2.1788158,2.258816,2.588816,3.2188158,3.508816,3.6488159,4.538816,4.098816,4.668816,5.538816,6.0888157,6.648816,7.138816,7.628816,7.388816,8.098816,8.448816,8.268816,9.5388155,8.228816,6.168816,7.238816,8.778816,8.5388155,7.428816,7.788816,7.968816,7.508816,7.648816,6.228816,1.8788159,1.4088159,2.258816,3.4688158,5.148816,6.508816,7.488816,6.758816,4.768816,-0.19118409,-1.8411841,-2.261184,-2.5311842,-2.1011841,-0.61118406,1.0788159,1.5988159,1.068816,1.7088159,0.7888159,0.24881592
-0.47118407,0.09881592,0.28881592,0.64881593,0.8588159,0.5988159,0.45881593,0.5988159,0.7288159,1.418816,2.1488159,2.4588158,3.008816,3.2188158,3.008816,3.778816,4.008816,3.488816,2.778816,2.098816,1.6388159,2.358816,3.328816,4.678816,5.7988157,7.348816,5.918816,5.138816,5.848816,5.3388157,1.9888159,1.7688159,1.6388159,0.95881593,-0.25118408,-0.4211841,0.2588159,0.50881594,0.08881592,0.76881593,0.9888159,0.8488159,0.8088159,2.1688159,2.988816,1.8688159,-0.98118407,-2.141184,-2.621184,-1.9811841,-2.021184,-1.6211841,0.31881592,1.8788159,1.188816,1.7388159,1.2188159,0.9188159
-0.5211841,-0.47118407,-0.37118408,-0.11118408,-0.16118409,-0.061184082,0.21881592,0.30881593,0.4888159,0.7888159,0.6788159,0.15881592,-0.25118408,-0.5711841,-0.7711841,-1.1411841,-2.511184,-3.011184,-3.1111841,-2.901184,-2.3011842,-1.2811841,0.028815918,1.288816,2.528816,3.308816,2.338816,-0.38118407,-2.2911842,-2.3511841,-1.7211841,-2.1011841,-3.001184,-2.3111842,-1.2811841,-0.98118407,-0.68118405,0.06881592,0.50881594,0.7388159,0.75881594,0.5888159,0.94881594,0.82881594,0.45881593,-0.68118405,-0.3911841,-0.21118408,-0.09118408,-0.12118408,-0.4811841,-0.7211841,-0.47118407,-1.061184,-1.701184,-1.7211841,-0.7811841,0.008815918
-0.73118407,-0.55118406,-0.38118407,-0.23118408,-0.21118408,-0.31118408,-0.8911841,-1.7311841,-2.401184,-2.731184,-2.891184,-3.121184,-3.1011841,-2.961184,-2.951184,-3.171184,-3.2811842,-3.121184,-3.181184,-3.2811842,-3.631184,-3.941184,-3.891184,-3.641184,-2.741184,-1.8511841,-1.931184,-1.4911841,-2.141184,-2.891184,-2.711184,-1.581184,-1.0211841,-1.6311841,-1.7211841,-1.4711841,-1.0411841,-0.31118408,0.20881592,0.08881592,0.20881592,0.4188159,0.5888159,0.4488159,-0.101184085,0.2688159,0.05881592,0.81881595,0.81881595,0.57881594,-1.1711841,-2.171184,-2.6011841,-2.751184,-2.1111841,-0.8911841,-0.8811841,-0.4511841
-1.3411841,-1.2911841,-1.551184,-1.941184,-2.271184,-2.731184,-3.3211842,-3.721184,-4.2211843,-4.9711843,-5.041184,-4.821184,-4.331184,-3.691184,-3.661184,-3.661184,-3.911184,-4.261184,-4.091184,-3.981184,-3.371184,-2.8011842,-3.411184,-4.321184,-4.671184,-4.301184,-3.3011842,-2.991184,-2.481184,-2.241184,-2.241184,-2.641184,-2.721184,-2.1011841,-1.831184,-1.5411841,-1.0211841,-0.61118406,-0.5811841,-0.23118408,-0.11118408,0.048815917,0.09881592,0.018815918,0.08881592,0.028815918,-0.19118409,-0.35118407,-0.8211841,-0.60118407,-0.43118408,-0.6411841,-1.6511841,-2.121184,-2.0711842,-1.691184,-1.331184,-0.101184085
-2.441184,-2.681184,-2.951184,-3.201184,-3.471184,-3.681184,-3.921184,-4.2211843,-4.611184,-5.311184,-5.751184,-5.791184,-5.621184,-5.4111843,-5.231184,-5.131184,-5.091184,-5.051184,-4.921184,-5.031184,-4.601184,-3.631184,-3.441184,-3.661184,-4.241184,-4.331184,-4.101184,-4.041184,-4.231184,-3.961184,-3.381184,-3.211184,-3.0811841,-2.671184,-2.3611841,-1.931184,-1.571184,-1.3511841,-1.3911841,-0.9511841,-0.3911841,-0.23118408,-0.28118408,-0.3911841,-0.4511841,-0.6411841,-1.0111841,-1.061184,-0.6911841,-0.4811841,-0.3911841,0.028815918,-0.14118408,-1.1611841,-1.3711841,-0.8411841,0.13881592,0.7788159
-4.031184,-4.141184,-4.231184,-4.341184,-4.581184,-4.651184,-4.861184,-5.291184,-5.421184,-5.571184,-5.881184,-6.051184,-6.231184,-5.771184,-5.4111843,-5.4511843,-5.531184,-5.691184,-5.7011843,-5.9111843,-5.991184,-5.561184,-5.671184,-5.631184,-5.001184,-4.541184,-4.1611843,-3.871184,-4.111184,-4.151184,-3.871184,-3.5411842,-3.3611841,-3.1111841,-2.8011842,-2.8111842,-2.8111842,-2.761184,-2.641184,-2.441184,-2.461184,-2.5511842,-2.261184,-1.9011841,-1.2711841,-0.6211841,-0.7211841,-0.4911841,-0.05118408,0.21881592,-0.101184085,-0.24118409,0.31881592,0.82881594,0.5388159,0.57881594,0.8388159,0.51881593
-4.861184,-5.051184,-5.021184,-5.061184,-5.331184,-5.521184,-5.901184,-6.081184,-6.101184,-6.091184,-6.4511843,-6.9511843,-7.031184,-6.421184,-5.871184,-5.711184,-5.4311843,-5.7011843,-5.811184,-5.691184,-5.801184,-5.111184,-4.9511843,-5.761184,-5.4511843,-4.6611843,-4.101184,-4.1611843,-4.391184,-4.401184,-4.541184,-4.461184,-4.101184,-3.651184,-3.511184,-3.7811842,-3.731184,-3.8111842,-3.7811842,-3.481184,-3.2811842,-3.461184,-3.2911842,-2.731184,-1.9911841,-1.4011841,-0.8211841,-0.5011841,0.18881592,0.23881592,-0.23118408,-0.23118408,0.3888159,0.63881594,0.3888159,1.1388159,1.3388159,-0.44118407
-5.4111843,-5.651184,-5.791184,-5.7211843,-5.781184,-5.9511843,-6.051184,-5.981184,-5.9311843,-6.001184,-6.301184,-7.061184,-7.381184,-6.4711843,-6.081184,-6.1611843,-6.111184,-6.301184,-6.561184,-6.741184,-6.6611843,-6.461184,-6.251184,-6.4311843,-5.711184,-4.671184,-4.641184,-4.9311843,-5.2011843,-4.891184,-4.501184,-4.401184,-4.271184,-4.211184,-4.381184,-4.491184,-4.561184,-4.841184,-4.901184,-4.461184,-4.1611843,-4.581184,-4.641184,-4.061184,-3.521184,-3.261184,-3.151184,-2.251184,-0.9511841,-1.0411841,-1.461184,-0.8411841,-0.5211841,0.05881592,0.75881594,0.09881592,-0.55118406,-1.3911841
-6.301184,-6.491184,-6.561184,-6.641184,-6.641184,-6.631184,-6.4711843,-6.2011843,-6.021184,-6.101184,-6.101184,-6.2211843,-7.341184,-7.4311843,-6.111184,-6.081184,-6.141184,-6.111184,-6.321184,-6.391184,-6.401184,-6.381184,-6.1811843,-5.9311843,-5.591184,-5.281184,-5.321184,-5.4311843,-5.331184,-4.881184,-4.381184,-4.211184,-4.441184,-4.871184,-5.121184,-5.011184,-4.961184,-5.101184,-5.011184,-4.631184,-4.551184,-5.4511843,-6.041184,-6.041184,-5.881184,-6.081184,-6.111184,-5.271184,-4.131184,-2.5511842,-1.6611841,-0.5211841,-0.071184084,-0.34118408,-0.46118408,0.21881592,0.2988159,-1.0411841
-6.4711843,-6.501184,-6.841184,-7.131184,-7.391184,-7.4511843,-6.901184,-6.651184,-6.491184,-6.491184,-6.601184,-6.671184,-7.311184,-7.371184,-6.401184,-6.331184,-6.531184,-6.441184,-6.381184,-6.641184,-6.651184,-6.501184,-6.301184,-6.271184,-6.211184,-6.071184,-6.041184,-6.1611843,-6.111184,-5.9111843,-5.611184,-5.501184,-5.551184,-5.4511843,-5.391184,-5.291184,-5.171184,-5.251184,-5.011184,-4.901184,-5.241184,-5.091184,-5.091184,-5.7011843,-6.741184,-6.891184,-7.031184,-6.771184,-6.291184,-5.511184,-4.001184,-2.161184,-0.8211841,-1.1011841,-1.8811841,-2.241184,-1.3811841,-0.24118409
-6.541184,-6.591184,-6.861184,-6.9711843,-7.261184,-7.571184,-7.271184,-6.9111843,-6.7211843,-6.641184,-6.591184,-6.631184,-7.171184,-7.001184,-6.6611843,-6.561184,-6.821184,-6.821184,-6.651184,-6.731184,-6.711184,-6.671184,-6.441184,-6.4511843,-6.531184,-6.4711843,-6.321184,-6.131184,-5.9111843,-5.841184,-5.851184,-6.091184,-6.271184,-6.321184,-6.311184,-6.121184,-5.401184,-5.331184,-5.121184,-4.811184,-4.691184,-4.9111843,-5.371184,-5.421184,-6.771184,-6.491184,-6.401184,-6.7011843,-6.821184,-6.741184,-6.551184,-6.501184,-6.591184,-5.101184,-3.3111842,-2.381184,-0.6511841,-0.14118408
